40;1;5/2,4,5,8,10===45===0
40;1;5/2,4,5,8,10===45===0
40;1;5/2,4,5,8,10===45===0
40;1;5/2,4,5,8,10===45===0
40;1;5/2,4,5,8,10===45===0
60;1;5/2,3,5,6,10===45===0
60;1;5/2,3,5,6,10===45===0
60;1;5/2,3,5,6,10===45===0
60;1;5/2,3,5,6,10===45===0
60;1;5/2,3,5,6,10===45===0
11;1;10/11===45===0
11;1;10/11===45===0
11;1;10/11===45===0
11;1;10/11===45===0
11;1;10/11===45===0
12;1;10/12===45===0
12;1;10/12===45===0
12;1;10/12===45===0
12;1;10/12===45===0
12;1;10/12===45===0
120;1;5/2,3,4,5,6,8,10===45===0
120;1;5/2,3,4,5,6,8,10===45===0
120;1;5/2,3,4,5,6,8,10===45===0
120;1;5/2,3,4,5,6,8,10===45===0
120;1;5/2,3,4,5,6,8,10===45===0
77;1;7/7,11===45===0
77;1;7/7,11===45===0
77;1;7/7,11===45===0
77;1;7/7,11===45===0
77;1;7/7,11===45===0
90;1;10/2,3,5,6,9===45===0
90;1;10/2,3,5,6,9===45===0
90;1;10/2,3,5,6,9===45===0
90;1;10/2,3,5,6,9===45===0
90;1;10/2,3,5,6,9===45===0
240,480,720,960/2,3,4,5,6,10,12===45===0
240,480,720,960/2,3,4,5,6,10,12===45===0
240,480,720,960/2,3,4,5,6,10,12===45===0
240,480,720,960/2,3,4,5,6,10,12===45===0
240,480,720,960/2,3,4,5,6,10,12===45===0
462,924/2,3,6,11===45===0
462,924/2,3,6,11===45===0
462,924/2,3,6,11===45===0
462,924/2,3,6,11===45===0
462,924/2,3,6,11===45===0
495,990/3,5,9,11===45===0
495,990/3,5,9,11===45===0
495,990/3,5,9,11===45===0
495,990/3,5,9,11===45===0
495,990/3,5,9,11===45===0
